17198695932
19985702365
18747894028
15093407913
13505372684
18970875269
15177296615
13392325645
15664309217
18876240222
18874906994
15800977630
13436570925
13552922334
13237159535
14725803696
18571586278
13525204024
18696117896
15966758021
15767901882
13661526932
13271511857
13195324879
13261593855
13922324309
13630043504
13751367709
15330628640
15200153084
15321116656
13187777930
15800230091
13432385743
13110648948
15655079876
15233340083
15014408543
15826194432
18434298371
15532433238
14715765181
13901845032
15214774448
13600074749
18737113982
15255267777
18247059369
13971574519
15399936522
13841799632
13710214359
13834508923
17727136624
13840943293
16619971165
17341050242
13628470609
17357995498
15225229414
19983207129
15981589845
13854759067
15251055187
13205680974
13433594066
17703719130
16621235414
17757731568
13475129857
13470002720
18060103200
15996418498
13781765106
13263896324
15988618753
13627749900
15620287093
18101690276
15329486400
13501039264
13260007096
13682639664
13108480008
13584892354
18258845511
18680161890
15325915338
15940518322
13219873161
15530942744
13012723164
15850521756
13601151633
17818561115
13428369197
13195392673
15685620522
13229991118
13309862246
13429656595
18379433866
18905426669
13605670449
15673218868
18988767966
13829798565
18801042024
15124304756
18301268041
15914096887
15204074525
13613002260
18620791038
18530698597
18331709153
18001422889
15010746088
13925942977
15989754116
13347600108
15656821642
17801137498
18900302191
15079407347
18960875266
13902335923
13938143254
13697039588
13925498702
13488151772
15225829651
18860233030
13605183920
13086627535
13521494814
15321017325
18610585509
13041069984
15140129681
15339999544
18520466870
18888378052
18322358870
13095428150
18211569250
13724478021
13149913443
15965245790
19918390551
15167940007
18124677077
15224091845
13651950572
13128701081
17152339756
13510246672
15926203351
15078233864
18652502229
18685068698
13260902860
14729856509
15823368193
18618241130
15018469091
13585924571
15962253642
1418012362
15221379336
15361651656
13407920464
13286650357
17194121144
13067089458
13131920246
18278358042
17710623231
13123982065
15216684038
18888928757
13565877413
13810307784
15819580918
15822897850
13804942049
13386211955
13608715265
13011116230
13099416679
18506823822
13956364191
13125390383
13682595059
13140400483
15021908471
13710202748
15805230091
13152112424
15514906957
15093201431
13286940987
15171447811
13926749311
18505672159
13107866660
13710420585
17369375205
17738158285
13799354049
15121209934
13044999507
13223606627
17754966272
13146362227
15723916342
13314792744
18623080098
15283437139
13067095709
13810485438
18002673380
13755685435
13298601272
13852253867
17326959737
15999145520
15221275722
18786791685
15051571993
15916888857
15238630784
15902868756
15114170497
18171419972
17089128924
15073870523
15801569719
13423944633
13414069666
18979125719
13261129328
15338858337
13060907596
13521947437
15027736038
13554674712
18805489851
15124197275
15066146678
13620018599
15738857742
15055794187
18378515638
15943516676
13537051010
